# Deepmind secstruct CLASSES [-HETSGBI] T1019s2-l64_s24 sample None

   1 A H  0.136 0.621 0.046 0.094 0.051 0.034 0.010 0.009
   2 K H  0.082 0.716 0.022 0.102 0.039 0.028 0.006 0.006
   3 Q H  0.057 0.785 0.027 0.069 0.028 0.023 0.006 0.006
   4 Y H  0.056 0.813 0.045 0.035 0.023 0.017 0.006 0.005
   5 V H  0.042 0.850 0.026 0.037 0.019 0.017 0.004 0.005
   6 D H  0.054 0.802 0.025 0.062 0.026 0.021 0.005 0.006
   7 A H  0.057 0.781 0.036 0.062 0.029 0.023 0.006 0.007
   8 A H  0.059 0.795 0.060 0.031 0.026 0.017 0.007 0.006
   9 H H  0.040 0.832 0.021 0.052 0.023 0.022 0.005 0.006
  10 N H  0.054 0.771 0.025 0.076 0.032 0.029 0.006 0.007
  11 F H  0.075 0.724 0.056 0.058 0.039 0.030 0.010 0.008
  12 M H  0.079 0.703 0.051 0.074 0.038 0.036 0.010 0.009
  13 T H  0.113 0.464 0.035 0.230 0.084 0.054 0.011 0.010
  14 N -  0.270 0.186 0.070 0.245 0.135 0.068 0.017 0.010
  15 P -  0.513 0.057 0.091 0.121 0.153 0.039 0.018 0.007
  16 P -  0.478 0.055 0.107 0.126 0.158 0.046 0.023 0.007
  17 P T  0.190 0.091 0.042 0.428 0.179 0.053 0.012 0.006
  18 G T  0.226 0.044 0.109 0.372 0.192 0.040 0.013 0.005
  19 T E  0.261 0.067 0.476 0.076 0.072 0.024 0.018 0.005
  20 L E  0.129 0.012 0.784 0.023 0.029 0.010 0.010 0.002
  21 T E  0.193 0.014 0.694 0.025 0.040 0.014 0.016 0.003
  22 K E  0.167 0.012 0.730 0.024 0.038 0.012 0.013 0.003
  23 T E  0.188 0.011 0.695 0.038 0.042 0.011 0.011 0.003
  24 R E  0.263 0.045 0.547 0.041 0.058 0.023 0.018 0.005
  25 P T  0.187 0.069 0.038 0.448 0.187 0.054 0.011 0.005
  26 N T  0.151 0.125 0.043 0.469 0.149 0.048 0.009 0.005
  27 G T  0.224 0.045 0.152 0.349 0.175 0.036 0.014 0.005
  28 D E  0.263 0.029 0.514 0.080 0.074 0.020 0.015 0.004
  29 T E  0.138 0.008 0.774 0.026 0.032 0.009 0.010 0.003
  30 L E  0.084 0.005 0.869 0.009 0.016 0.007 0.008 0.002
  31 Y E  0.098 0.005 0.855 0.008 0.017 0.005 0.009 0.002
  32 Y E  0.113 0.016 0.808 0.018 0.023 0.008 0.010 0.003
  33 N E  0.206 0.026 0.649 0.033 0.051 0.016 0.015 0.004
  34 P T  0.190 0.156 0.176 0.277 0.105 0.069 0.017 0.011
  35 V T  0.089 0.258 0.053 0.425 0.102 0.056 0.008 0.009
  36 T T  0.168 0.186 0.164 0.249 0.142 0.066 0.017 0.009
  37 N E  0.198 0.072 0.294 0.237 0.123 0.052 0.017 0.008
  38 V E  0.128 0.019 0.769 0.025 0.037 0.009 0.011 0.003
  39 F E  0.095 0.011 0.851 0.011 0.016 0.006 0.008 0.002
  40 A E  0.081 0.014 0.860 0.009 0.019 0.006 0.009 0.002
  41 S E  0.098 0.017 0.820 0.018 0.026 0.009 0.010 0.003
  42 K E  0.188 0.033 0.658 0.036 0.054 0.015 0.013 0.004
  43 D E  0.317 0.042 0.434 0.067 0.093 0.027 0.014 0.005
  44 I T  0.200 0.108 0.054 0.377 0.187 0.056 0.012 0.006
  45 N T  0.209 0.106 0.062 0.405 0.162 0.040 0.010 0.006
  46 G T  0.227 0.092 0.102 0.343 0.170 0.045 0.015 0.006
  47 V E  0.335 0.041 0.363 0.107 0.114 0.022 0.013 0.004
  48 P E  0.280 0.044 0.516 0.047 0.065 0.023 0.020 0.005
  49 R E  0.304 0.071 0.395 0.087 0.093 0.027 0.019 0.005
  50 T E  0.199 0.035 0.629 0.044 0.056 0.016 0.015 0.004
  51 M E  0.208 0.023 0.660 0.029 0.049 0.015 0.013 0.004
  52 F E  0.183 0.032 0.687 0.027 0.040 0.013 0.014 0.004
  53 K E  0.307 0.046 0.399 0.103 0.100 0.026 0.014 0.006
  54 P -  0.397 0.065 0.297 0.078 0.109 0.029 0.019 0.006
  55 E -  0.339 0.074 0.069 0.269 0.177 0.051 0.015 0.006
  56 K -  0.317 0.096 0.050 0.282 0.187 0.050 0.013 0.006
  57 G -  0.287 0.206 0.075 0.219 0.139 0.050 0.017 0.008
  58 I H  0.130 0.571 0.052 0.120 0.064 0.042 0.012 0.009
  59 E H  0.137 0.538 0.046 0.143 0.072 0.044 0.010 0.009
  60 Y H  0.109 0.660 0.064 0.064 0.046 0.036 0.011 0.010
  61 W H  0.089 0.711 0.054 0.054 0.039 0.034 0.010 0.008
  62 N H  0.083 0.699 0.028 0.089 0.043 0.040 0.008 0.008
  63 K H  0.074 0.714 0.030 0.092 0.040 0.034 0.008 0.009
  64 Q H  0.089 0.702 0.073 0.051 0.034 0.031 0.010 0.010
